6e3y
ACDTATCVTHRLAGLLSRSGGVVFVPTNVGSKAF
0 2 1 
1 0 1 
1 2 1 
1 3 1 
2 2 1 
2 3 1 
2 4 1 
3 2 1 
3 3 1 
3 4 1 
3 5 1 
4 2 1 
4 3 1 
4 4 1 
4 5 1 
4 6 1 
5 0 1 
5 3 1 
5 4 1 
5 5 1 
5 6 1 
5 7 1 
6 0 1 
6 4 1 
6 5 1 
6 6 1 
6 7 1 
6 8 1 
7 5 1 
7 6 1 
7 7 1 
7 8 1 
7 9 1 
8 6 1 
8 7 1 
8 8 1 
8 9 1 
8 10 1 
9 0 1 
9 7 1 
9 8 1 
9 9 1 
9 10 1 
9 11 1 
10 8 1 
10 9 1 
10 10 1 
10 11 1 
10 12 1 
11 9 1 
11 10 1 
11 11 1 
11 12 1 
11 13 1 
12 10 1 
12 11 1 
12 12 1 
12 13 1 
12 14 1 
13 11 1 
13 12 1 
13 13 1 
13 14 1 
13 15 1 
14 1 1 
14 12 1 
14 13 1 
14 14 1 
14 15 1 
14 16 1 
15 13 1 
15 14 1 
15 15 1 
15 16 1 
15 17 1 
16 14 1 
16 15 1 
16 16 1 
16 17 1 
16 18 1 
17 1 1 
17 15 1 
17 16 1 
17 17 1 
17 18 1 
17 19 1 
18 1 1 
18 16 1 
18 17 1 
18 18 1 
18 19 1 
18 20 1 
19 1 1 
19 17 1 
19 18 1 
19 19 1 
19 20 1 
19 21 1 
20 18 1 
20 19 1 
20 20 1 
20 21 1 
20 22 1 
21 1 1 
21 19 1 
21 20 1 
21 21 1 
21 22 1 
21 23 1 
22 20 1 
22 21 1 
22 22 1 
22 23 1 
22 24 1 
23 21 1 
23 22 1 
23 23 1 
23 24 1 
23 25 1 
24 22 1 
24 23 1 
24 24 1 
24 25 1 
24 26 1 
25 23 1 
25 24 1 
25 25 1 
25 26 1 
25 27 1 
26 24 1 
26 25 1 
26 26 1 
26 27 1 
26 28 1 
27 25 1 
27 26 1 
27 27 1 
27 28 1 
27 29 1 
28 26 1 
28 27 1 
28 28 1 
28 29 1 
28 30 1 
29 27 1 
29 28 1 
29 29 1 
29 30 1 
29 31 1 
30 28 1 
30 29 1 
30 30 1 
30 31 1 
31 29 1 
31 30 1 
31 31 1 
32 30 1 
32 31 1 
33 31 1 
