6lpb
HSDGIFTDSYSRYRKQMAVKKYLAAVLG
0 0 1 
0 1 1 
1 1 1 
1 2 1 
2 0 1 
2 1 1 
2 2 1 
2 3 1 
3 0 1 
3 1 1 
3 2 1 
3 3 1 
3 4 1 
4 0 1 
4 1 1 
4 2 1 
4 3 1 
4 4 1 
4 5 1 
5 2 1 
5 3 1 
5 4 1 
5 5 1 
5 6 1 
6 0 1 
6 3 1 
6 4 1 
6 5 1 
6 6 1 
6 7 1 
7 0 1 
7 4 1 
7 5 1 
7 6 1 
7 7 1 
7 8 1 
8 5 1 
8 6 1 
8 7 1 
8 8 1 
8 9 1 
9 6 1 
9 7 1 
9 8 1 
9 9 1 
9 10 1 
10 7 1 
10 8 1 
10 9 1 
10 10 1 
10 11 1 
11 8 1 
11 9 1 
11 10 1 
11 11 1 
11 12 1 
12 9 1 
12 10 1 
12 11 1 
12 12 1 
12 13 1 
13 10 1 
13 11 1 
13 12 1 
13 13 1 
13 14 1 
14 11 1 
14 12 1 
14 13 1 
14 14 1 
14 15 1 
15 12 1 
15 13 1 
15 14 1 
15 15 1 
15 16 1 
16 13 1 
16 14 1 
16 15 1 
16 16 1 
16 17 1 
17 14 1 
17 15 1 
17 16 1 
17 17 1 
17 18 1 
18 15 1 
18 16 1 
18 17 1 
18 18 1 
18 19 1 
19 16 1 
19 17 1 
19 18 1 
19 19 1 
19 20 1 
20 17 1 
20 18 1 
20 19 1 
20 20 1 
20 21 1 
21 18 1 
21 19 1 
21 20 1 
21 21 1 
21 22 1 
22 19 1 
22 20 1 
22 21 1 
22 22 1 
22 23 1 
23 20 1 
23 21 1 
23 22 1 
23 23 1 
23 24 1 
24 21 1 
24 22 1 
24 23 1 
24 24 1 
25 22 1 
25 23 1 
25 24 1 
26 23 1 
26 24 1 
27 24 1 
